Access
	4KB	8KB	16KB	32KB	64KB	128KB	256KB	3072KB
aes_nosched
LRU
Set	100.702	81.658	70.644	70.644	68.000	68.000	68.000	68.000	
IV	102.836	84.370	71.932	70.644	68.000	68.000	68.000	68.000	
FIFO
Set	107.917	86.208	72.984	72.984	68.000	68.000	68.000	68.000	
IV	109.834	88.920	74.271	72.984	68.000	68.000	68.000	68.000	
PLRU
Set	-1.000	-1.000	-1.000	-1.000	-1.000	-1.000	-1.000	-1.000	
IV	-1.000	-1.000	-1.000	-1.000	-1.000	-1.000	-1.000	-1.000	
aes_nosched_preloading
LRU
Set	96.353	42.340	8.000	3.000	0.000	0.000	0.000	0.000	
IV	99.229	44.680	8.000	3.000	0.000	0.000	0.000	0.000	
FIFO
Set	66.272	0.000	0.000	0.000	0.000	0.000	0.000	0.000	
IV	68.168	0.000	0.000	0.000	0.000	0.000	0.000	0.000	
PLRU
Set	-1.000	-1.000	-1.000	-1.000	-1.000	-1.000	-1.000	-1.000	
IV	-1.000	-1.000	-1.000	-1.000	-1.000	-1.000	-1.000	-1.000	

Access (disjoint)
	4KB	8KB	16KB	32KB	64KB	128KB	256KB	3072KB
aes_nosched
LRU
Set	35.863	53.209	67.510	69.170	68.000	68.000	68.000	68.000	
IV	35.863	53.209	67.510	69.170	68.000	68.000	68.000	68.000	
FIFO
Set	35.863	53.209	67.510	69.170	68.000	68.000	68.000	68.000	
IV	35.863	53.209	67.510	69.170	68.000	68.000	68.000	68.000	
PLRU
Set	-1.000	-1.000	-1.000	-1.000	-1.000	-1.000	-1.000	-1.000	
IV	-1.000	-1.000	-1.000	-1.000	-1.000	-1.000	-1.000	-1.000	
aes_nosched_preloading
LRU
Set	24.253	0.000	0.000	0.000	0.000	0.000	0.000	0.000	
IV	24.253	0.000	0.000	0.000	0.000	0.000	0.000	0.000	
FIFO
Set	22.253	0.000	0.000	0.000	0.000	0.000	0.000	0.000	
IV	22.253	0.000	0.000	0.000	0.000	0.000	0.000	0.000	
PLRU
Set	-1.000	-1.000	-1.000	-1.000	-1.000	-1.000	-1.000	-1.000	
IV	-1.000	-1.000	-1.000	-1.000	-1.000	-1.000	-1.000	-1.000	

Traces
	4KB	8KB	16KB	32KB	64KB	128KB	256KB	3072KB
aes_nosched
LRU
Set	193.000	160.000	160.000	160.000	155.000	155.000	155.000	155.000	
IV	193.000	160.000	160.000	160.000	155.000	155.000	155.000	155.000	
FIFO
Set	354.000	273.000	226.000	226.000	155.000	155.000	155.000	155.000	
IV	354.000	273.000	226.000	226.000	155.000	155.000	155.000	155.000	
PLRU
Set	212.000	160.000	160.000	160.000	155.000	155.000	155.000	155.000	
IV	212.000	160.000	160.000	160.000	155.000	155.000	155.000	155.000	
aes_nosched_preloading
LRU
Set	202.000	0.000	0.000	0.000	0.000	0.000	0.000	0.000	
IV	202.000	0.000	0.000	0.000	0.000	0.000	0.000	0.000	
FIFO
Set	362.000	0.000	0.000	0.000	0.000	0.000	0.000	0.000	
IV	362.000	0.000	0.000	0.000	0.000	0.000	0.000	0.000	
PLRU
Set	219.000	0.000	0.000	0.000	0.000	0.000	0.000	0.000	
IV	220.000	0.000	0.000	0.000	0.000	0.000	0.000	0.000	

Times
	4KB	8KB	16KB	32KB	64KB	128KB	256KB	3072KB
aes_nosched
LRU
Set	7.600	7.331	7.331	7.331	7.285	7.285	7.285	7.285	
IV	7.600	7.331	7.331	7.331	7.285	7.285	7.285	7.285	
FIFO
Set	8.472	8.098	7.827	7.827	7.285	7.285	7.285	7.285	
IV	8.472	8.098	7.827	7.827	7.285	7.285	7.285	7.285	
PLRU
Set	7.735	7.331	7.331	7.331	7.285	7.285	7.285	7.285	
IV	7.735	7.331	7.331	7.331	7.285	7.285	7.285	7.285	
aes_nosched_preloading
LRU
Set	7.665	0.000	0.000	0.000	0.000	0.000	0.000	0.000	
IV	7.665	0.000	0.000	0.000	0.000	0.000	0.000	0.000	
FIFO
Set	8.504	0.000	0.000	0.000	0.000	0.000	0.000	0.000	
IV	8.504	0.000	0.000	0.000	0.000	0.000	0.000	0.000	
PLRU
Set	7.781	0.000	0.000	0.000	0.000	0.000	0.000	0.000	
IV	7.788	0.000	0.000	0.000	0.000	0.000	0.000	0.000	
